Sole
1988500e24
-1.247300185272309E+06  5.817913930619011E+05  2.439798270406446E+04
-7.167235682557477E-03 -1.420305733471710E-02  2.814148297318160E-04
Mercurio
3.302e23
-2.984856307318882E+07  3.973831526609630E+07  5.847701506131984E+06
-4.917835963041724E+01 -2.684441646517595E+01  2.318127543948509E+00
Venere
48.685e23
 1.060796241572260E+08 -1.588558454209187E+07 -6.394891769647595E+06
 5.137219688467301E+00  3.444218748676428E+01  1.763260802710196E-01
Terra
5.97219e24
 1.212780796075889E+08  8.474819312847003E+07  1.952940278563276E+04
-1.734821862334524E+01  2.443257782392045E+01 -1.442309728416191E-03
Marte
6.4171e23
-2.215519631070643E+08 -9.729130143967454E+07  3.377241297521882E+06
 1.073224924029116E+01 -2.008631835993555E+01 -6.838195184421938E-01
Giove
189818.722e22
 6.666133827393413E+08 -3.384144641465324E+08 -1.350981297140865E+07
 5.756056836697594E+00  1.226481201196788E+01 -1.796494403215387E-01
Saturno
5.6834e26
 1.003641941799642E+09 -1.093903217815785E+09 -2.093824234626961E+07
 6.578543956570811E+00  6.509738027085510E+00 -3.751774726605173E-01
Urano
86.813e24
 2.178824359135752E+09  1.990597505843651E+09 -2.083393598527491E+07
-4.643442201479648E+00  4.710414555191544E+00  7.743635736597598E-02
Nettuno
102.409e24
 4.427716697473842E+09 -6.418533640518860E+08 -8.882350879277036E+07
 7.432562730818000E-01  5.411632496149276E+00 -1.278743548623553E-01
Cometa di Halley
2.2e14
-3.012218740348396E+09  4.030218820427642E+09 -1.493060886964157E+09
 5.370946596393121E-01  7.926426410701976E-01  1.579431970903261E-02
